273.54853699553684
180.47691349761817
-28.177004059084226
-20.509456401699396
-78.82229539736034
38.53294649621654
75.8504158809904
0.9738293478570199
95.78579506135307
233.6619593270992
16.521237558579628
20.899661665598884
-87.14576924886535
17.056785946200932
76.14945497627247
-12.55274782824921
8.783985007971438
59.17641484796064
44.358471140901116
18.272695389978367
100.0543321514827
97.01109615467703
-4.202241831325864
182.8259531488909
277.08997218752734
381.1899143523089
-70.60718100638661
-10.011054611858441
25.881085242516065
-146.09227655184785
-62.6576283455495
81.39733867540212
-18.878757273952232
135.9592394787211
-7.575425260244742
49.48576949421545
427.92513019656735
-60.70718146134607
6.453844393787904
285.2923055310604
-77.09791134432677
9.507972471738157
-43.10700154988237
-62.47435492667496
-152.90968181902966
56.45037654801126
11.207733348453559
-46.80343745755556
168.31950155618404
184.75238529348206
86.50341674386078
240.4800275278941
-66.5518840946227
53.37405376937323
160.17194135992872
-53.01289650050214
252.87848549482624
2.214739859276534
-51.07096675516857
-100.3391983070992
-2.2645046373226023
-61.115952432816584
137.31698132639292
77.39450350572696
77.08025117567016
-86.61302449413114
1345.4231855775029
-24.288654108983906
74.19206047342044
41.14135799486451
-39.31780360641082
-21.262478254742632
-4.647098775985967
169.49815191258386
90.71330603847144
83.63013427363228
170.62404564981398
93.50353747942808
-84.34629425597223
-93.54575190182618
573.1300485992907
-95.91000263042739
-15.627828119026432
-86.6381105486368
